%YAML:1.0
---
aruco_bc_dict: ARUCO_MIP_16h3
aruco_bc_nmarkers: 4
aruco_bc_mInfoType: 1
aruco_bc_markers:
   - { id:244, corners:[ [ -0.16, 0., 0. ], [ 0., 0.,
       0. ], [ 0., -0.16, 0. ], [
       -0.16, -0.16, 0. ] ] }
   - { id:192, corners:[ [ 0.02, 0., 0. ], [
       0.18, 0., 0. ], [ 0.18,
       -0.16, 0. ], [ 0.02,
       -0.16, 0. ] ] }
   - { id:63, corners:[ [ -0.16,
       0.18, 0. ], [ 0., 0.18, 0. ],
       [ 0., 0.02, 0. ], [ -0.16,
       0.02, 0. ] ] }
   - { id:81, corners:[ [ 0.02, 0.18,
       0. ], [ 0.18, 0.18, 0. ], [
       0.18, 0.02, 0. ], [
       0.02, 0.02, 0. ] ] }
