%YAML:1.0
---
aruco_bc_dict: ARUCO_MIP_16h3
aruco_bc_nmarkers: 4
aruco_bc_mInfoType: 0
aruco_bc_markers:
   - { id:244, corners:[ [ -1600., 0., 0. ], [ 0., 0., 0. ], [ 0.,
       -1600., 0. ], [ -1600., -1600., 0. ] ] }
   - { id:192, corners:[ [ 200., 0., 0. ], [ 1800., 0., 0. ], [ 1800.,
       -1600., 0. ], [ 200., -1600., 0. ] ] }
   - { id:63, corners:[ [ -1600., 1800., 0. ], [ 0., 1800., 0. ], [ 0.,
       200., 0. ], [ -1600., 200., 0. ] ] }
   - { id:81, corners:[ [ 200., 1800., 0. ], [ 1800., 1800., 0. ], [
       1800., 200., 0. ], [ 200., 200., 0. ] ] }
